Testi 
Parameter: 4
1
11
56
88
306
448
549
711
1115
2439
3236
3579
4060
4397
4971
5656
6877
8893
13213
19525
24391
Parameter: 8
3
11
27
58
122
215
313
465
618
968
1393
1714
2123
2495
2968
3729
4348
4928
6017
7757
9954
Parameter: 12
2
7
23
58
104
179
283
466
617
832
1094
1422
1812
2267
2812
3731
4342
4925
5894
6663
7660
Parameter: 16
0
7
22
51
102
179
283
409
573
813
1093
1422
1807
2267
2735
3282
3872
4568
5494
6514
7604
Parameter: 20
0
7
22
51
102
177
283
408
573
811
1075
1405
1808
2244
2736
3283
3871
4570
5492
6502
7539
Parameter: 24
0
7
22
51
102
177
292
408
574
812
1081
1406
1779
2319
2742
3281
3877
4575
5497
6496
7541
Parameter: 28
0
7
22
53
102
177
291
415
573
813
1080
1406
1780
2319
2745
3319
4054
4571
5496
6498
7549
Parameter: 32
0
7
22
52
115
177
291
416
625
912
1083
1405
1780
2320
2745
3319
4046
4974
6032
7287
7552
Parameter: 36
3
10
22
52
115
177
291
415
625
914
1286
1405
1779
2319
2745
3323
4046
4977
6037
7299
8605
Parameter: 40
0
7
25
52
115
204
291
416
625
914
1286
1622
1780
2317
2747
3321
4045
4974
6040
7303
8602
Parameter: 44
0
7
25
52
115
204
319
416
625
914
1285
1625
2135
2548
2746
3321
4052
4973
6028
7288
8592
Parameter: 48
0
8
25
52
115
204
346
415
623
915
1285
1628
2135
2751
3212
3313
4035
4962
6026
7289
8593
Parameter: 52
1
8
25
62
115
206
346
495
623
914
1285
1623
2137
2757
3216
3953
4044
4968
6031
7297
8590
Parameter: 56
4
12
25
62
115
207
346
494
625
915
1287
1622
2134
2753
3215
3952
4796
4974
6033
7305
8608
Parameter: 60
1
8
25
62
115
204
346
495
724
914
1285
1624
2137
2752
3215
3956
4791
5738
6762
7293
8603
Parameter: 64
1
8
25
62
124
204
345
495
727
994
1285
1622
2137
2752
3220
3952
4789
5744
6793
7926
8605
Parameter: 68
1
8
25
62
123
204
346
494
724
994
1285
1623
2134
2752
3215
3958
4783
5737
6797
7928
9235
Parameter: 72
3
8
25
62
124
204
346
495
724
993
1331
1623
2134
2753
3215
3953
4784
5737
6796
7923
9237
Parameter: 76
3
12
28
63
130
253
367
539
779
1079
1332
1840
2146
2754
3217
3958
4820
5745
6807
7922
9232
Parameter: 80
1
8
28
61
123
232
346
494
724
993
1331
1844
2133
2752
3220
3960
4790
5738
6805
7928
9241
Parameter: 84
1
8
28
62
124
230
346
495
724
994
1331
1840
2437
2754
3216
3955
4792
5739
6807
7928
9236
Parameter: 88
3
12
28
62
124
231
380
495
724
993
1332
1840
2435
3028
3220
3955
4787
5745
6809
7929
9244
Parameter: 92
3
11
28
61
123
233
384
495
724
994
1332
1838
2438
3063
3216
3955
4787
5741
6805
7929
9239
Parameter: 96
3
9
28
61
124
232
384
495
724
993
1332
1839
2437
3061
3747
3953
4786
5738
6805
7930
9245
Parameter: 100
1
8
28
62
124
230
383
495
724
994
1331
1840
2439
3060
3746
3954
4789
5733
6798
7920
9233
Parameter: 104
4
13
28
75
123
231
382
604
724
994
1332
1843
2438
3058
3748
4826
4786
5739
6803
7929
9240
Parameter: 108
3
13
28
75
124
230
383
604
724
993
1331
1842
2438
3064
3796
4827
5995
5974
6837
7946
9240
Parameter: 112
4
10
28
75
123
231
386
604
724
994
1332
1843
2437
3062
3746
4826
5895
5743
6805
7926
9239
Parameter: 116
3
13
28
75
124
231
383
604
892
994
1332
1838
2438
3060
3746
4830
5899
7122
6810
7930
9237
Parameter: 120
4
13
28
75
124
231
384
604
893
994
1331
1843
2438
3067
3745
4828
5894
7113
8500
7934
9241
Parameter: 124
3
11
28
75
124
231
384
604
891
995
1330
1838
2436
3060
3746
4826
5890
7115
8493
7929
9233
Parameter: 128
3
13
28
75
157
231
384
604
891
1258
1333
1840
2439
3064
3744
4830
5898
7118
8504
10047
9242
Parameter: 132
4
11
28
75
157
231
386
604
891
1258
1333
1837
2440
3066
3747
4828
5896
7121
8509
10080
11727
Parameter: 136
1
9
28
75
157
231
385
603
891
1260
1332
1843
2438
3065
3745
4869
5895
7172
8498
10047
11767
Parameter: 140
1
9
28
76
157
231
384
604
891
1259
1721
1886
2469
3061
3814
4828
5979
7117
8517
10044
11791
Parameter: 144
4
10
28
75
157
231
384
603
892
1260
1710
1838
2439
3067
3747
4827
5899
7116
8481
10009
11742
Parameter: 148
4
10
28
75
157
230
384
604
891
1259
1711
1838
2440
3063
3750
4833
5897
7120
8496
10049
11769
Parameter: 152
1
9
34
75
157
281
384
604
893
1260
1712
2247
2440
3061
3748
4827
5896
7122
8509
10047
11770
Parameter: 156
1
9
34
75
157
281
385
604
892
1259
1712
2248
2449
3071
3748
4829
5899
7116
8499
10044
11772
Parameter: 160
4
11
34
75
157
281
383
604
891
1259
1713
2247
2440
3063
3749
4831
5899
7118
8500
10046
11767
Parameter: 164
1
9
34
75
157
281
384
605
892
1259
1710
2248
2896
3066
3748
4828
5901
7117
8495
10031
11728
Parameter: 168
3
10
35
75
156
281
385
604
892
1259
1711
2249
2895
3067
3749
4828
5900
7117
8497
10045
11765
Parameter: 172
3
11
35
75
157
281
385
604
892
1258
1710
2248
2895
3067
3747
4832
5898
7117
8500
10048
11763
Parameter: 176
3
11
34
75
157
282
457
606
892
1257
1711
2250
2896
3649
3748
4827
5900
7119
8498
10045
11771
Parameter: 180
1
10
35
75
157
283
457
604
892
1259
1710
2248
2897
3648
3748
4828
5897
7117
8502
10047
11764
Parameter: 184
3
11
34
75
157
281
457
604
891
1260
1716
2247
2896
3648
3751
4829
5900
7111
8493
10033
11734
Parameter: 188
4
11
34
75
157
281
458
604
891
1258
1711
2248
2895
3647
4432
4826
5891
7099
8491
10027
11753
Parameter: 192
4
10
34
75
157
282
457
604
892
1258
1713
2251
2895
3648
4532
4827
5900
7122
8503
10047
11765
Parameter: 196
3
11
34
75
157
281
457
604
892
1259
1712
2246
2895
3647
4532
4828
5899
7116
8501
10049
11773
