Testi 
Parameter: 20
0
178
1081
3288
7554
Parameter: 21
0
179
1082
3288
7560
Parameter: 22
3
177
1089
3290
7574
Parameter: 23
3
177
1081
3293
7542
Parameter: 24
0
178
1082
3289
7550
Parameter: 25
3
177
1079
3284
7541
Parameter: 26
4
177
1083
3320
7539
Parameter: 27
4
177
1082
3327
7556
Parameter: 28
0
180
1082
3331
7550
Parameter: 29
3
177
1081
3319
7544
Parameter: 30
0
180
1082
3321
7541
Parameter: 31
3
176
1083
3319
7561
Parameter: 32
0
180
1083
3321
7554
Parameter: 33
4
179
1082
3327
8051
Parameter: 34
3
180
1080
3325
8611
Parameter: 35
0
179
1273
3324
8634
Parameter: 36
0
179
1287
3323
8615
Parameter: 37
4
177
1288
3334
8614
Parameter: 38
0
203
1287
3326
8620
Parameter: 39
0
208
1288
3327
8620
Parameter: 40
0
207
1293
3326
8618
Parameter: 41
0
206
1287
3322
8633
Parameter: 42
0
207
1286
3324
8630
Parameter: 43
0
206
1286
3322
8614
Parameter: 44
0
207
1287
3327
8610
Parameter: 45
0
207
1291
3325
8609
Parameter: 46
0
209
1291
3324
8619
Parameter: 47
3
204
1287
3327
8617
Parameter: 48
0
206
1287
3328
8613
Parameter: 49
0
207
1286
3325
8647
