;
klasicno_mnozenje;
dim1;dim2;dim3;volumen;cas;prvi;
32;32;32;32768;0;7.95379;
96;96;96;884736;1;19.1031;
160;160;160;4096000;6;41.5601;
224;224;224;11239424;18;55.8377;
288;288;288;23887872;44;73.8473;
;
transponirano_mnozenje;
dim1;dim2;dim3;volumen;cas;prvi;
32;32;32;32768;0;7.95379;
96;96;96;884736;1;19.1031;
160;160;160;4096000;5;41.5601;
224;224;224;11239424;16;55.8377;
288;288;288;23887872;34;73.8473;
;
rekurzivno_mnozenje;
dim1;dim2;dim3;volumen;cas;prvi;
32;32;32;32768;0;7.95379;
96;96;96;884736;1;19.1031;
160;160;160;4096000;7;41.5601;
224;224;224;11239424;16;55.8377;
288;288;288;23887872;36;73.8473;
;
rekurzivno_transponirano;
dim1;dim2;dim3;volumen;cas;prvi;
32;32;32;32768;0;7.95379;
96;96;96;884736;1;19.1031;
160;160;160;4096000;4;41.5601;
224;224;224;11239424;12;55.8377;
288;288;288;23887872;28;73.8473;
;
podkubicen_algoritem;
dim1;dim2;dim3;volumen;cas;prvi;
32;32;32;32768;0;7.95379;
96;96;96;884736;1;19.1031;
160;160;160;4096000;4;41.5601;
224;224;224;11239424;12;55.8377;
288;288;288;23887872;27;73.8473;
;
BLAS4048;
dim1;dim2;dim3;volumen;cas;prvi;
32;32;32;32768;1;7.95379;
96;96;96;884736;46;19.1031;
160;160;160;4096000;211;41.5601;
224;224;224;11239424;599;55.8377;
288;288;288;23887872;1290;73.8473;
;
BLAS1024;
dim1;dim2;dim3;volumen;cas;prvi;
32;32;32;32768;1;7.95379;
96;96;96;884736;47;19.1031;
160;160;160;4096000;220;41.5601;
224;224;224;11239424;602;55.8377;
288;288;288;23887872;1374;73.8473;
;
BLAS256;
dim1;dim2;dim3;volumen;cas;prvi;
32;32;32;32768;1;7.95379;
96;96;96;884736;48;19.1031;
160;160;160;4096000;217;41.5601;
224;224;224;11239424;644;55.8377;
288;288;288;23887872;1338;73.8473;
;
BLAS64;
dim1;dim2;dim3;volumen;cas;prvi;
32;32;32;32768;1;7.95379;
96;96;96;884736;48;19.1031;
160;160;160;4096000;219;41.5601;
224;224;224;11239424;611;55.8377;
288;288;288;23887872;1398;73.8473;
;
BLAS16;
dim1;dim2;dim3;volumen;cas;prvi;
32;32;32;32768;1;7.95379;
96;96;96;884736;50;19.1031;
160;160;160;4096000;256;41.5601;
224;224;224;11239424;664;55.8377;
288;288;288;23887872;1434;73.8473;
;
BLAS4;
dim1;dim2;dim3;volumen;cas;prvi;
32;32;32;32768;2;7.95379;
96;96;96;884736;65;19.1031;
160;160;160;4096000;321;41.5601;
224;224;224;11239424;874;55.8377;
288;288;288;23887872;1915;73.8473;
